0.000000 0.306856 0.000000
0.001000 0.137374 0.000000
0.002000 0.010923 0.000000
0.003000 -0.063175 0.000000
0.004000 -0.086664 0.000000
0.005000 -0.070979 0.000000
0.006000 -0.033508 0.000000
0.007000 0.007359 0.000000
0.008000 0.036941 0.000000
0.009000 0.047445 0.000000
0.010000 0.038848 0.000000
0.011000 0.017469 0.000000
0.012000 -0.007121 0.000000
0.013000 -0.025725 0.000000
0.014000 -0.032524 0.000000
0.015000 -0.026586 0.000000
0.016000 -0.011569 0.000000
0.017000 0.006086 0.000000
0.018000 0.019708 0.000000
0.019000 0.024756 0.000000
0.020000 0.020213 0.000000
0.021000 0.008606 0.000000
0.022000 -0.005208 0.000000
0.023000 -0.015987 0.000000
0.024000 -0.020017 0.000000
0.025000 -0.016331 0.000000
0.026000 -0.006851 0.000000
0.027000 0.004524 0.000000
0.028000 0.013467 0.000000
0.029000 0.016833 0.000000
0.030000 0.013729 0.000000
0.031000 0.005699 0.000000
0.032000 -0.003990 0.000000
0.033000 -0.011651 0.000000
0.034000 -0.014550 0.000000
0.035000 -0.011867 0.000000
0.036000 -0.004890 0.000000
0.037000 0.003567 0.000000
0.038000 0.010282 0.000000
0.039000 0.012836 0.000000
0.040000 0.010472 0.000000
0.041000 0.004294 0.000000
0.042000 -0.003223 0.000000
0.043000 -0.009214 0.000000
0.044000 -0.011504 0.000000
0.045000 -0.009389 0.000000
0.046000 -0.003837 0.000000
0.047000 0.002940 0.000000
0.048000 0.008359 0.000000
0.049000 0.010439 0.000000
0.050000 0.008525 0.000000
0.051000 0.003477 0.000000
0.052000 -0.002703 0.000000
0.053000 -0.007659 0.000000
0.054000 -0.009570 0.000000
0.055000 -0.007822 0.000000
0.056000 -0.003187 0.000000
0.057000 0.002502 0.000000
0.058000 0.007076 0.000000
0.059000 0.008849 0.000000
0.060000 0.007238 0.000000
0.061000 0.002949 0.000000
0.062000 -0.002329 0.000000
0.063000 -0.006583 0.000000
0.064000 -0.008240 0.000000
0.065000 -0.006748 0.000000
0.066000 -0.002751 0.000000
0.067000 0.002179 0.000000
0.068000 0.006161 0.000000
0.069000 0.007721 0.000000
0.070000 0.006330 0.000000
0.071000 0.002584 0.000000
0.072000 -0.002047 0.000000
0.073000 -0.005797 0.000000
0.074000 -0.007273 0.000000
0.075000 -0.005970 0.000000
0.076000 -0.002442 0.000000
0.077000 0.001930 0.000000
0.078000 0.005479 0.000000
0.079000 0.006883 0.000000
0.080000 0.005658 0.000000
0.081000 0.002320 0.000000
0.082000 -0.001826 0.000000
0.083000 -0.005200 0.000000
0.084000 -0.006542 0.000000
0.085000 -0.005385 0.000000
0.086000 -0.002215 0.000000
0.087000 0.001733 0.000000
0.088000 0.004952 0.000000
0.089000 0.006240 0.000000
0.090000 0.005145 0.000000
0.091000 0.002123 0.000000
0.092000 -0.001649 0.000000
0.093000 -0.004732 0.000000
0.094000 -0.005972 0.000000
0.095000 -0.004932 0.000000
0.096000 -0.002043 0.000000
0.097000 0.001573 0.000000
0.098000 0.004535 0.000000
0.099000 0.005733 0.000000
0.100000 0.004743 0.000000
0.101000 0.001972 0.000000
0.102000 -0.001503 0.000000
0.103000 -0.004357 0.000000
0.104000 -0.005519 0.000000
0.105000 -0.004574 0.000000
0.106000 -0.001910 0.000000
0.107000 0.001439 0.000000
0.108000 0.004197 0.000000
0.109000 0.005326 0.000000
0.110000 0.004423 0.000000
0.111000 0.001855 0.000000
0.112000 -0.001381 0.000000
0.113000 -0.004051 0.000000
0.114000 -0.005152 0.000000
0.115000 -0.004286 0.000000
0.116000 -0.001807 0.000000
0.117000 0.001327 0.000000
0.118000 0.003919 0.000000
0.119000 0.004994 0.000000
0.120000 0.004163 0.000000
0.121000 0.001764 0.000000
0.122000 -0.001277 0.000000
0.123000 -0.003798 0.000000
0.124000 -0.004851 0.000000
0.125000 -0.004052 0.000000
0.126000 -0.001726 0.000000
0.127000 0.001230 0.000000
0.128000 0.003688 0.000000
0.129000 0.004721 0.000000
0.130000 0.003952 0.000000
0.131000 0.001692 0.000000
0.132000 -0.001187 0.000000
0.133000 -0.003587 0.000000
0.134000 -0.004602 0.000000
0.135000 -0.003861 0.000000
0.136000 -0.001662 0.000000
0.137000 0.001147 0.000000
0.138000 0.003494 0.000000
0.139000 0.004493 0.000000
0.140000 0.003778 0.000000
0.141000 0.001636 0.000000
0.142000 -0.001109 0.000000
0.143000 -0.003408 0.000000
0.144000 -0.004394 0.000000
0.145000 -0.003703 0.000000
0.146000 -0.001613 0.000000
0.147000 0.001073 0.000000
0.148000 0.003329 0.000000
0.149000 0.004303 0.000000
0.150000 0.003636 0.000000
0.151000 0.001592 0.000000
0.152000 -0.001040 0.000000
0.153000 -0.003257 0.000000
0.154000 -0.004220 0.000000
0.155000 -0.003574 0.000000
0.156000 -0.001575 0.000000
0.157000 0.001008 0.000000
0.158000 0.003190 0.000000
0.159000 0.004144 0.000000
0.160000 0.003518 0.000000
0.161000 0.001560 0.000000
0.162000 -0.000978 0.000000
0.163000 -0.003128 0.000000
0.164000 -0.004075 0.000000
0.165000 -0.003468 0.000000
0.166000 -0.001547 0.000000
0.167000 0.000950 0.000000
0.168000 0.003070 0.000000
0.169000 0.004012 0.000000
0.170000 0.003423 0.000000
0.171000 0.001536 0.000000
0.172000 -0.000923 0.000000
0.173000 -0.003017 0.000000
0.174000 -0.003954 0.000000
0.175000 -0.003382 0.000000
0.176000 -0.001528 0.000000
0.177000 0.000897 0.000000
0.178000 0.002969 0.000000
0.179000 0.003901 0.000000
0.180000 0.003346 0.000000
0.181000 0.001521 0.000000
0.182000 -0.000873 0.000000
0.183000 -0.002924 0.000000
0.184000 -0.003853 0.000000
0.185000 -0.003313 0.000000
0.186000 -0.001516 0.000000
0.187000 0.000850 0.000000
0.188000 0.002882 0.000000
0.189000 0.003810 0.000000
0.190000 0.003285 0.000000
0.191000 0.001513 0.000000
0.192000 -0.000828 0.000000
0.193000 -0.002844 0.000000
0.194000 -0.003771 0.000000
0.195000 -0.003260 0.000000
0.196000 -0.001511 0.000000
0.197000 0.000806 0.000000
0.198000 0.002809 0.000000
0.199000 0.003736 0.000000
0.200000 0.003238 0.000000
0.201000 0.001511 0.000000
0.202000 -0.000786 0.000000
0.203000 -0.002777 0.000000
0.204000 -0.003705 0.000000
0.205000 -0.003220 0.000000
0.206000 -0.001512 0.000000
0.207000 0.000767 0.000000
0.208000 0.002747 0.000000
0.209000 0.003677 0.000000
0.210000 0.003205 0.000000
0.211000 0.001515 0.000000
0.212000 -0.000748 0.000000
0.213000 -0.002721 0.000000
0.214000 -0.003653 0.000000
0.215000 -0.003193 0.000000
0.216000 -0.001519 0.000000
0.217000 0.000730 0.000000
0.218000 0.002697 0.000000
0.219000 0.003633 0.000000
0.220000 0.003184 0.000000
0.221000 0.001524 0.000000
0.222000 -0.000713 0.000000
0.223000 -0.002675 0.000000
0.224000 -0.003616 0.000000
0.225000 -0.003178 0.000000
0.226000 -0.001531 0.000000
0.227000 0.000696 0.000000
0.228000 0.002656 0.000000
0.229000 0.003602 0.000000
0.230000 0.003175 0.000000
0.231000 0.001540 0.000000
0.232000 -0.000680 0.000000
0.233000 -0.002639 0.000000
0.234000 -0.003591 0.000000
0.235000 -0.003175 0.000000
0.236000 -0.001549 0.000000
0.237000 0.000665 0.000000
0.238000 0.002625 0.000000
0.239000 0.003583 0.000000
0.240000 0.003177 0.000000
0.241000 0.001560 0.000000
0.242000 -0.000650 0.000000
0.243000 -0.002612 0.000000
0.244000 -0.003579 0.000000
0.245000 -0.003182 0.000000
0.246000 -0.001573 0.000000
0.247000 0.000636 0.000000
0.248000 0.002602 0.000000
0.249000 0.003577 0.000000
0.250000 0.003190 0.000000
0.251000 0.001587 0.000000
0.252000 -0.000622 0.000000
0.253000 -0.002594 0.000000
0.254000 -0.003579 0.000000
0.255000 -0.003200 0.000000
0.256000 -0.001602 0.000000
0.257000 0.000608 0.000000
0.258000 0.002588 0.000000
0.259000 0.003583 0.000000
0.260000 0.003214 0.000000
0.261000 0.001619 0.000000
0.262000 -0.000595 0.000000
0.263000 -0.002585 0.000000
0.264000 -0.003591 0.000000
0.265000 -0.003230 0.000000
0.266000 -0.001637 0.000000
0.267000 0.000583 0.000000
0.268000 0.002583 0.000000
0.269000 0.003602 0.000000
0.270000 0.003249 0.000000
0.271000 0.001656 0.000000
0.272000 -0.000570 0.000000
0.273000 -0.002584 0.000000
0.274000 -0.003616 0.000000
0.275000 -0.003271 0.000000
0.276000 -0.001678 0.000000
0.277000 0.000558 0.000000
0.278000 0.002587 0.000000
0.279000 0.003633 0.000000
0.280000 0.003296 0.000000
0.281000 0.001701 0.000000
0.282000 -0.000547 0.000000
0.283000 -0.002592 0.000000
0.284000 -0.003653 0.000000
0.285000 -0.003324 0.000000
0.286000 -0.001725 0.000000
0.287000 0.000536 0.000000
0.288000 0.002599 0.000000
0.289000 0.003677 0.000000
0.290000 0.003355 0.000000
0.291000 0.001752 0.000000
0.292000 -0.000525 0.000000
0.293000 -0.002609 0.000000
0.294000 -0.003705 0.000000
0.295000 -0.003390 0.000000
0.296000 -0.001780 0.000000
0.297000 0.000515 0.000000
0.298000 0.002622 0.000000
0.299000 0.003736 0.000000
0.300000 0.003428 0.000000
0.301000 0.001811 0.000000
0.302000 -0.000505 0.000000
0.303000 -0.002636 0.000000
0.304000 -0.003771 0.000000
0.305000 -0.003470 0.000000
0.306000 -0.001843 0.000000
0.307000 0.000495 0.000000
0.308000 0.002654 0.000000
0.309000 0.003810 0.000000
0.310000 0.003516 0.000000
0.311000 0.001878 0.000000
0.312000 -0.000485 0.000000
0.313000 -0.002674 0.000000
0.314000 -0.003853 0.000000
0.315000 -0.003566 0.000000
0.316000 -0.001915 0.000000
0.317000 0.000476 0.000000
0.318000 0.002698 0.000000
0.319000 0.003901 0.000000
0.320000 0.003620 0.000000
0.321000 0.001955 0.000000
0.322000 -0.000467 0.000000
0.323000 -0.002724 0.000000
0.324000 -0.003954 0.000000
0.325000 -0.003679 0.000000
0.326000 -0.001997 0.000000
0.327000 0.000459 0.000000
0.328000 0.002754 0.000000
0.329000 0.004012 0.000000
0.330000 0.003743 0.000000
0.331000 0.002043 0.000000
0.332000 -0.000450 0.000000
0.333000 -0.002788 0.000000
0.334000 -0.004075 0.000000
0.335000 -0.003813 0.000000
0.336000 -0.002091 0.000000
0.337000 0.000442 0.000000
0.338000 0.002825 0.000000
0.339000 0.004144 0.000000
0.340000 0.003889 0.000000
0.341000 0.002143 0.000000
0.342000 -0.000435 0.000000
0.343000 -0.002866 0.000000
0.344000 -0.004220 0.000000
0.345000 -0.003970 0.000000
0.346000 -0.002199 0.000000
0.347000 0.000427 0.000000
0.348000 0.002912 0.000000
0.349000 0.004303 0.000000
0.350000 0.004059 0.000000
0.351000 0.002260 0.000000
0.352000 -0.000421 0.000000
0.353000 -0.002963 0.000000
0.354000 -0.004394 0.000000
0.355000 -0.004156 0.000000
0.356000 -0.002324 0.000000
0.357000 0.000414 0.000000
0.358000 0.003019 0.000000
0.359000 0.004493 0.000000
0.360000 0.004261 0.000000
0.361000 0.002394 0.000000
0.362000 -0.000408 0.000000
0.363000 -0.003082 0.000000
0.364000 -0.004602 0.000000
0.365000 -0.004375 0.000000
0.366000 -0.002469 0.000000
0.367000 0.000402 0.000000
0.368000 0.003150 0.000000
0.369000 0.004721 0.000000
0.370000 0.004499 0.000000
0.371000 0.002551 0.000000
0.372000 -0.000397 0.000000
0.373000 -0.003226 0.000000
0.374000 -0.004851 0.000000
0.375000 -0.004635 0.000000
0.376000 -0.002639 0.000000
0.377000 0.000393 0.000000
0.378000 0.003310 0.000000
0.379000 0.004994 0.000000
0.380000 0.004784 0.000000
0.381000 0.002735 0.000000
0.382000 -0.000389 0.000000
0.383000 -0.003404 0.000000
0.384000 -0.005152 0.000000
0.385000 -0.004947 0.000000
0.386000 -0.002840 0.000000
0.387000 0.000385 0.000000
0.388000 0.003507 0.000000
0.389000 0.005326 0.000000
0.390000 0.005126 0.000000
0.391000 0.002955 0.000000
0.392000 -0.000383 0.000000
0.393000 -0.003623 0.000000
0.394000 -0.005519 0.000000
0.395000 -0.005324 0.000000
0.396000 -0.003081 0.000000
0.397000 0.000382 0.000000
0.398000 0.003752 0.000000
0.399000 0.005733 0.000000
0.400000 0.005544 0.000000
0.401000 0.003219 0.000000
0.402000 -0.000381 0.000000
0.403000 -0.003896 0.000000
0.404000 -0.005972 0.000000
0.405000 -0.005788 0.000000
0.406000 -0.003373 0.000000
0.407000 0.000383 0.000000
0.408000 0.004059 0.000000
0.409000 0.006240 0.000000
0.410000 0.006060 0.000000
0.411000 0.003544 0.000000
0.412000 -0.000385 0.000000
0.413000 -0.004243 0.000000
0.414000 -0.006542 0.000000
0.415000 -0.006367 0.000000
0.416000 -0.003735 0.000000
0.417000 0.000390 0.000000
0.418000 0.004452 0.000000
0.419000 0.006883 0.000000
0.420000 0.006714 0.000000
0.421000 0.003951 0.000000
0.422000 -0.000398 0.000000
0.423000 -0.004691 0.000000
0.424000 -0.007273 0.000000
0.425000 -0.007108 0.000000
0.426000 -0.004195 0.000000
0.427000 0.000409 0.000000
0.428000 0.004967 0.000000
0.429000 0.007721 0.000000
0.430000 0.007561 0.000000
0.431000 0.004474 0.000000
0.432000 -0.000424 0.000000
0.433000 -0.005289 0.000000
0.434000 -0.008240 0.000000
0.435000 -0.008085 0.000000
0.436000 -0.004796 0.000000
0.437000 0.000445 0.000000
0.438000 0.005667 0.000000
0.439000 0.008849 0.000000
0.440000 0.008698 0.000000
0.441000 0.005171 0.000000
0.442000 -0.000474 0.000000
0.443000 -0.006116 0.000000
0.444000 -0.009570 0.000000
0.445000 -0.009425 0.000000
0.446000 -0.005613 0.000000
0.447000 0.000513 0.000000
0.448000 0.006659 0.000000
0.449000 0.010439 0.000000
0.450000 0.010298 0.000000
0.451000 0.006142 0.000000
0.452000 -0.000569 0.000000
0.453000 -0.007326 0.000000
0.454000 -0.011504 0.000000
0.455000 -0.011367 0.000000
0.456000 -0.006787 0.000000
0.457000 0.000647 0.000000
0.458000 0.008165 0.000000
0.459000 0.012836 0.000000
0.460000 0.012705 0.000000
0.461000 0.007588 0.000000
0.462000 -0.000762 0.000000
0.463000 -0.009246 0.000000
0.464000 -0.014550 0.000000
0.465000 -0.014423 0.000000
0.466000 -0.008610 0.000000
0.467000 0.000937 0.000000
0.468000 0.010692 0.000000
0.469000 0.016833 0.000000
0.470000 0.016710 0.000000
0.471000 0.009958 0.000000
0.472000 -0.001218 0.000000
0.473000 -0.012717 0.000000
0.474000 -0.020017 0.000000
0.475000 -0.019899 0.000000
0.476000 -0.011812 0.000000
0.477000 0.001704 0.000000
0.478000 0.015745 0.000000
0.479000 0.024756 0.000000
0.480000 0.024643 0.000000
0.481000 0.014513 0.000000
0.482000 -0.002649 0.000000
0.483000 -0.020730 0.000000
0.484000 -0.032524 0.000000
0.485000 -0.032415 0.000000
0.486000 -0.018777 0.000000
0.487000 0.004843 0.000000
0.488000 0.030337 0.000000
0.489000 0.047445 0.000000
0.490000 0.047341 0.000000
0.491000 0.026287 0.000000
0.492000 -0.011877 0.000000
0.493000 -0.055384 0.000000
0.494000 -0.086664 0.000000
0.495000 -0.086565 0.000000
0.496000 -0.039535 0.000000
0.497000 0.061689 0.000000
0.498000 0.213306 0.000000
0.499000 0.400500 0.000000
0.500000 0.600405 1.000000
0.501000 0.787257 1.000000
0.502000 0.938318 1.000000
0.503000 1.038984 1.000000
0.504000 1.085664 1.000000
0.505000 1.085754 1.000000
0.506000 1.054809 1.000000
0.507000 1.011855 1.000000
0.508000 0.974251 1.000000
0.509000 0.953555 1.000000
0.510000 0.953470 1.000000
0.511000 0.970250 1.000000
0.512000 0.995194 1.000000
0.513000 1.018251 1.000000
0.514000 1.031524 1.000000
0.515000 1.031604 1.000000
0.516000 1.020130 1.000000
0.517000 1.002596 1.000000
0.518000 0.986001 1.000000
0.519000 0.976244 1.000000
0.520000 0.976168 1.000000
0.521000 0.984867 1.000000
0.522000 0.998363 1.000000
0.523000 1.011309 1.000000
0.524000 1.019017 1.000000
0.525000 1.019088 1.000000
0.526000 1.012094 1.000000
0.527000 1.001135 1.000000
0.528000 0.990532 1.000000
0.529000 0.984167 1.000000
0.530000 0.984101 1.000000
0.531000 0.989944 1.000000
0.532000 0.999160 1.000000
0.533000 1.008132 1.000000
0.534000 1.013550 1.000000
0.535000 1.013612 1.000000
0.536000 1.008598 1.000000
0.537000 1.000650 1.000000
0.538000 0.992878 1.000000
0.539000 0.988164 1.000000
0.540000 0.988106 1.000000
0.541000 0.992496 1.000000
0.542000 0.999480 1.000000
0.543000 1.006333 1.000000
0.544000 1.010504 1.000000
0.545000 1.010556 1.000000
0.546000 1.006654 1.000000
0.547000 1.000426 1.000000
0.548000 0.994299 1.000000
0.549000 0.990561 1.000000
0.550000 0.990513 1.000000
0.551000 0.994026 1.000000
0.552000 0.999645 1.000000
0.553000 1.005184 1.000000
0.554000 1.008570 1.000000
0.555000 1.008614 1.000000
0.556000 1.005419 1.000000
0.557000 1.000300 1.000000
0.558000 0.995246 1.000000
0.559000 0.992151 1.000000
0.560000 0.992113 1.000000
0.561000 0.995043 1.000000
0.562000 0.999744 1.000000
0.563000 1.004392 1.000000
0.564000 1.007240 1.000000
0.565000 1.007274 1.000000
0.566000 1.004566 1.000000
0.567000 1.000219 1.000000
0.568000 0.995917 1.000000
0.569000 0.993279 1.000000
0.570000 0.993250 1.000000
0.571000 0.995768 1.000000
0.572000 0.999812 1.000000
0.573000 1.003816 1.000000
0.574000 1.006273 1.000000
0.575000 1.006297 1.000000
0.576000 1.003943 1.000000
0.577000 1.000162 1.000000
0.578000 0.996415 1.000000
0.579000 0.994117 1.000000
0.580000 0.994097 1.000000
0.581000 0.996309 1.000000
0.582000 0.999862 1.000000
0.583000 1.003383 1.000000
0.584000 1.005542 1.000000
0.585000 1.005556 1.000000
0.586000 1.003469 1.000000
0.587000 1.000117 1.000000
0.588000 0.996796 1.000000
0.589000 0.994760 1.000000
0.590000 0.994751 1.000000
0.591000 0.996728 1.000000
0.592000 0.999902 1.000000
0.593000 1.003046 1.000000
0.594000 1.004972 1.000000
0.595000 1.004977 1.000000
0.596000 1.003096 1.000000
0.597000 1.000081 1.000000
0.598000 0.997094 1.000000
0.599000 0.995267 1.000000
0.600000 0.995268 1.000000
0.601000 0.997062 1.000000
0.602000 0.999936 1.000000
0.603000 1.002781 1.000000
0.604000 1.004519 1.000000
0.605000 1.004513 1.000000
0.606000 1.002796 1.000000
0.607000 1.000049 1.000000
0.608000 0.997332 1.000000
0.609000 0.995674 1.000000
0.610000 0.995685 1.000000
0.611000 0.997333 1.000000
0.612000 0.999965 1.000000
0.613000 1.002567 1.000000
0.614000 1.004152 1.000000
0.615000 1.004136 1.000000
0.616000 1.002549 1.000000
0.617000 1.000021 1.000000
0.618000 0.997524 1.000000
0.619000 0.996006 1.000000
0.620000 0.996028 1.000000
0.621000 0.997558 1.000000
0.622000 0.999993 1.000000
0.623000 1.002394 1.000000
0.624000 1.003851 1.000000
0.625000 1.003824 1.000000
0.626000 1.002344 1.000000
0.627000 0.999994 1.000000
0.628000 0.997680 1.000000
0.629000 0.996279 1.000000
0.630000 0.996312 1.000000
0.631000 0.997746 1.000000
0.632000 1.000018 1.000000
0.633000 1.002253 1.000000
0.634000 1.003602 1.000000
0.635000 1.003564 1.000000
0.636000 1.002170 1.000000
0.637000 0.999969 1.000000
0.638000 0.997808 1.000000
0.639000 0.996507 1.000000
0.640000 0.996551 1.000000
0.641000 0.997906 1.000000
0.642000 1.000043 1.000000
0.643000 1.002137 1.000000
0.644000 1.003394 1.000000
0.645000 1.003345 1.000000
0.646000 1.002022 1.000000
0.647000 0.999945 1.000000
0.648000 0.997912 1.000000
0.649000 0.996697 1.000000
0.650000 0.996752 1.000000
0.651000 0.998044 1.000000
0.652000 1.000067 1.000000
0.653000 1.002043 1.000000
0.654000 1.003220 1.000000
0.655000 1.003159 1.000000
0.656000 1.001895 1.000000
0.657000 0.999922 1.000000
0.658000 0.997998 1.000000
0.659000 0.996856 1.000000
0.660000 0.996923 1.000000
0.661000 0.998162 1.000000
0.662000 1.000090 1.000000
0.663000 1.001966 1.000000
0.664000 1.003075 1.000000
0.665000 1.003002 1.000000
0.666000 1.001785 1.000000
0.667000 0.999898 1.000000
0.668000 0.998067 1.000000
0.669000 0.996988 1.000000
0.670000 0.997068 1.000000
0.671000 0.998265 1.000000
0.672000 1.000114 1.000000
0.673000 1.001904 1.000000
0.674000 1.002954 1.000000
0.675000 1.002868 1.000000
0.676000 1.001688 1.000000
0.677000 0.999874 1.000000
0.678000 0.998121 1.000000
0.679000 0.997099 1.000000
0.680000 0.997191 1.000000
0.681000 0.998355 1.000000
0.682000 1.000138 1.000000
0.683000 1.001856 1.000000
0.684000 1.002853 1.000000
0.685000 1.002754 1.000000
0.686000 1.001604 1.000000
0.687000 0.999850 1.000000
0.688000 0.998164 1.000000
0.689000 0.997190 1.000000
0.690000 0.997296 1.000000
0.691000 0.998434 1.000000
0.692000 1.000163 1.000000
0.693000 1.001819 1.000000
0.694000 1.002771 1.000000
0.695000 1.002658 1.000000
0.696000 1.001531 1.000000
0.697000 0.999825 1.000000
0.698000 0.998195 1.000000
0.699000 0.997264 1.000000
0.700000 0.997384 1.000000
0.701000 0.998502 1.000000
0.702000 1.000188 1.000000
0.703000 1.001793 1.000000
0.704000 1.002705 1.000000
0.705000 1.002578 1.000000
0.706000 1.001466 1.000000
0.707000 0.999799 1.000000
0.708000 0.998217 1.000000
0.709000 0.997323 1.000000
0.710000 0.997457 1.000000
0.711000 0.998563 1.000000
0.712000 1.000214 1.000000
0.713000 1.001776 1.000000
0.714000 1.002653 1.000000
0.715000 1.002512 1.000000
0.716000 1.001410 1.000000
0.717000 0.999773 1.000000
0.718000 0.998228 1.000000
0.719000 0.997367 1.000000
0.720000 0.997516 1.000000
0.721000 0.998615 1.000000
0.722000 1.000241 1.000000
0.723000 1.001769 1.000000
0.724000 1.002616 1.000000
0.725000 1.002459 1.000000
0.726000 1.001361 1.000000
0.727000 0.999745 1.000000
0.728000 0.998231 1.000000
0.729000 0.997398 1.000000
0.730000 0.997563 1.000000
0.731000 0.998661 1.000000
0.732000 1.000269 1.000000
0.733000 1.001771 1.000000
0.734000 1.002591 1.000000
0.735000 1.002417 1.000000
0.736000 1.001318 1.000000
0.737000 0.999716 1.000000
0.738000 0.998225 1.000000
0.739000 0.997417 1.000000
0.740000 0.997599 1.000000
0.741000 0.998701 1.000000
0.742000 1.000299 1.000000
0.743000 1.001781 1.000000
0.744000 1.002579 1.000000
0.745000 1.002388 1.000000
0.746000 1.001282 1.000000
0.747000 0.999685 1.000000
0.748000 0.998211 1.000000
0.749000 0.997423 1.000000
0.750000 0.997623 1.000000
0.751000 0.998734 1.000000
0.752000 1.000331 1.000000
0.753000 1.001800 1.000000
0.754000 1.002579 1.000000
0.755000 1.002369 1.000000
0.756000 1.001251 1.000000
0.757000 0.999653 1.000000
0.758000 0.998188 1.000000
0.759000 0.997417 1.000000
0.760000 0.997636 1.000000
0.761000 0.998762 1.000000
0.762000 1.000364 1.000000
0.763000 1.001827 1.000000
0.764000 1.002591 1.000000
0.765000 1.002362 1.000000
0.766000 1.001226 1.000000
0.767000 0.999618 1.000000
0.768000 0.998155 1.000000
0.769000 0.997398 1.000000
0.770000 0.997638 1.000000
0.771000 0.998785 1.000000
0.772000 1.000400 1.000000
0.773000 1.001864 1.000000
0.774000 1.002616 1.000000
0.775000 1.002365 1.000000
0.776000 1.001206 1.000000
0.777000 0.999581 1.000000
0.778000 0.998114 1.000000
0.779000 0.997367 1.000000
0.780000 0.997629 1.000000
0.781000 0.998802 1.000000
0.782000 1.000438 1.000000
0.783000 1.001910 1.000000
0.784000 1.002653 1.000000
0.785000 1.002380 1.000000
0.786000 1.001191 1.000000
0.787000 0.999542 1.000000
0.788000 0.998063 1.000000
0.789000 0.997323 1.000000
0.790000 0.997609 1.000000
0.791000 0.998814 1.000000
0.792000 1.000479 1.000000
0.793000 1.001967 1.000000
0.794000 1.002705 1.000000
0.795000 1.002406 1.000000
0.796000 1.001182 1.000000
0.797000 0.999499 1.000000
0.798000 0.998001 1.000000
0.799000 0.997264 1.000000
0.800000 0.997576 1.000000
0.801000 0.998821 1.000000
0.802000 1.000524 1.000000
0.803000 1.002035 1.000000
0.804000 1.002771 1.000000
0.805000 1.002445 1.000000
0.806000 1.001178 1.000000
0.807000 0.999452 1.000000
0.808000 0.997927 1.000000
0.809000 0.997190 1.000000
0.810000 0.997530 1.000000
0.811000 0.998822 1.000000
0.812000 1.000574 1.000000
0.813000 1.002115 1.000000
0.814000 1.002853 1.000000
0.815000 1.002498 1.000000
0.816000 1.001180 1.000000
0.817000 0.999400 1.000000
0.818000 0.997839 1.000000
0.819000 0.997099 1.000000
0.820000 0.997470 1.000000
0.821000 0.998817 1.000000
0.822000 1.000628 1.000000
0.823000 1.002210 1.000000
0.824000 1.002954 1.000000
0.825000 1.002566 1.000000
0.826000 1.001188 1.000000
0.827000 0.999343 1.000000
0.828000 0.997736 1.000000
0.829000 0.996988 1.000000
0.830000 0.997394 1.000000
0.831000 0.998805 1.000000
0.832000 1.000688 1.000000
0.833000 1.002321 1.000000
0.834000 1.003075 1.000000
0.835000 1.002651 1.000000
0.836000 1.001204 1.000000
0.837000 0.999280 1.000000
0.838000 0.997616 1.000000
0.839000 0.996856 1.000000
0.840000 0.997299 1.000000
0.841000 0.998786 1.000000
0.842000 1.000755 1.000000
0.843000 1.002451 1.000000
0.844000 1.003220 1.000000
0.845000 1.002757 1.000000
0.846000 1.001226 1.000000
0.847000 0.999209 1.000000
0.848000 0.997475 1.000000
0.849000 0.996697 1.000000
0.850000 0.997182 1.000000
0.851000 0.998759 1.000000
0.852000 1.000830 1.000000
0.853000 1.002604 1.000000
0.854000 1.003394 1.000000
0.855000 1.002885 1.000000
0.856000 1.001258 1.000000
0.857000 0.999128 1.000000
0.858000 0.997309 1.000000
0.859000 0.996507 1.000000
0.860000 0.997041 1.000000
0.861000 0.998722 1.000000
0.862000 1.000916 1.000000
0.863000 1.002784 1.000000
0.864000 1.003602 1.000000
0.865000 1.003041 1.000000
0.866000 1.001300 1.000000
0.867000 0.999036 1.000000
0.868000 0.997114 1.000000
0.869000 0.996279 1.000000
0.870000 0.996869 1.000000
0.871000 0.998674 1.000000
0.872000 1.001016 1.000000
0.873000 1.002998 1.000000
0.874000 1.003851 1.000000
0.875000 1.003231 1.000000
0.876000 1.001355 1.000000
0.877000 0.998929 1.000000
0.878000 0.996880 1.000000
0.879000 0.996006 1.000000
0.880000 0.996659 1.000000
0.881000 0.998612 1.000000
0.882000 1.001131 1.000000
0.883000 1.003253 1.000000
0.884000 1.004152 1.000000
0.885000 1.003462 1.000000
0.886000 1.001424 1.000000
0.887000 0.998803 1.000000
0.888000 0.996600 1.000000
0.889000 0.995674 1.000000
0.890000 0.996403 1.000000
0.891000 0.998534 1.000000
0.892000 1.001269 1.000000
0.893000 1.003562 1.000000
0.894000 1.004519 1.000000
0.895000 1.003747 1.000000
0.896000 1.001513 1.000000
0.897000 0.998652 1.000000
0.898000 0.996259 1.000000
0.899000 0.995267 1.000000
0.900000 0.996085 1.000000
0.901000 0.998434 1.000000
0.902000 1.001435 1.000000
0.903000 1.003940 1.000000
0.904000 1.004972 1.000000
0.905000 1.004102 1.000000
0.906000 1.001626 1.000000
0.907000 0.998469 1.000000
0.908000 0.995837 1.000000
0.909000 0.994760 1.000000
0.910000 0.995688 1.000000
0.911000 0.998306 1.000000
0.912000 1.001639 1.000000
0.913000 1.004413 1.000000
0.914000 1.005542 1.000000
0.915000 1.004550 1.000000
0.916000 1.001771 1.000000
0.917000 0.998239 1.000000
0.918000 0.995304 1.000000
0.919000 0.994117 1.000000
0.920000 0.995181 1.000000
0.921000 0.998141 1.000000
0.922000 1.001899 1.000000
0.923000 1.005018 1.000000
0.924000 1.006273 1.000000
0.925000 1.005127 1.000000
0.926000 1.001960 1.000000
0.927000 0.997943 1.000000
0.928000 0.994613 1.000000
0.929000 0.993279 1.000000
0.930000 0.994518 1.000000
0.931000 0.997924 1.000000
0.932000 1.002239 1.000000
0.933000 1.005815 1.000000
0.934000 1.007240 1.000000
0.935000 1.005894 1.000000
0.936000 1.002211 1.000000
0.937000 0.997547 1.000000
0.938000 0.993685 1.000000
0.939000 0.992151 1.000000
0.940000 0.993623 1.000000
0.941000 0.997632 1.000000
0.942000 1.002706 1.000000
0.943000 1.006908 1.000000
0.944000 1.008570 1.000000
0.945000 1.006950 1.000000
0.946000 1.002554 1.000000
0.947000 0.996989 1.000000
0.948000 0.992379 1.000000
0.949000 0.990561 1.000000
0.950000 0.992359 1.000000
0.951000 0.997224 1.000000
0.952000 1.003386 1.000000
0.953000 1.008494 1.000000
0.954000 1.010504 1.000000
0.955000 1.008487 1.000000
0.956000 1.003044 1.000000
0.957000 0.996142 1.000000
0.958000 0.990413 1.000000
0.959000 0.988164 1.000000
0.960000 0.990455 1.000000
0.961000 0.996628 1.000000
0.962000 1.004470 1.000000
0.963000 1.010991 1.000000
0.964000 1.013550 1.000000
0.965000 1.010905 1.000000
0.966000 1.003780 1.000000
0.967000 0.994706 1.000000
0.968000 0.987137 1.000000
0.969000 0.984167 1.000000
0.970000 0.987289 1.000000
0.971000 0.995701 1.000000
0.972000 1.006461 1.000000
0.973000 1.015474 1.000000
0.974000 1.019017 1.000000
0.975000 1.015222 1.000000
0.976000 1.004967 1.000000
0.977000 0.991769 1.000000
0.978000 0.980635 1.000000
0.979000 0.976244 1.000000
0.980000 0.981066 1.000000
0.981000 0.994169 1.000000
0.982000 1.011210 1.000000
0.983000 1.025748 1.000000
0.984000 1.031524 1.000000
0.985000 1.024941 1.000000
0.986000 1.006851 1.000000
0.987000 0.982876 1.000000
0.988000 0.961981 1.000000
0.989000 0.953555 1.000000
0.990000 0.963852 1.000000
0.991000 0.992926 1.000000
0.992000 1.033178 1.000000
0.993000 1.070159 1.000000
0.994000 1.085664 1.000000
0.995000 1.062374 1.000000
0.996000 0.988776 1.000000
0.997000 0.862941 1.000000
0.998000 0.693955 1.000000
0.999000 0.500500 1.000000
